{
 "cells": [
  {
   "cell_type": "code",
   "execution_count": 2,
   "metadata": {},
   "outputs": [],
   "source": [
    "import pandas as pd\n",
    "import numpy as np\n",
    "import os"
   ]
  },
  {
   "cell_type": "code",
   "execution_count": 3,
   "metadata": {},
   "outputs": [
    {
     "data": {
      "text/plain": [
       "['.ipynb_checkpoints',\n",
       " 'Copy_of_Kaggle_API_access_example.ipynb',\n",
       " 'garden_2.csv',\n",
       " 'garden_3.csv',\n",
       " 'garden_99_2032.csv',\n",
       " 'garden_without_mixup_1.csv',\n",
       " 'garden_without_mixup_2.csv',\n",
       " 'garden_without_mixup_3.csv',\n",
       " 'garden_without_mixup_4.csv',\n",
       " 'garden_without_mixup_5_rep.csv',\n",
       " 'garden_without_mixup_heavy_augment_1.csv',\n",
       " 'garden__mixup_heavy_augment_2.csv',\n",
       " 'Untitled.ipynb']"
      ]
     },
     "execution_count": 3,
     "metadata": {},
     "output_type": "execute_result"
    }
   ],
   "source": [
    "os.listdir()"
   ]
  },
  {
   "cell_type": "code",
   "execution_count": 4,
   "metadata": {},
   "outputs": [],
   "source": [
    "d1 = pd.read_csv('garden_2.csv')\n",
    "d2 = pd.read_csv('garden_3.csv')\n",
    "d3 = pd.read_csv('garden_99_2032.csv')\n",
    "d4 = pd.read_csv('garden_without_mixup_1.csv')\n",
    "d5 = pd.read_csv('garden_without_mixup_2.csv')\n",
    "d6 = pd.read_csv('garden_without_mixup_3.csv')\n",
    "d7 = pd.read_csv('garden_without_mixup_4.csv')\n",
    "d8 = pd.read_csv('garden_without_mixup_5_rep.csv')\n",
    "d9 = pd.read_csv('garden_without_mixup_5_rep.csv')\n",
    "d10 = pd.read_csv('garden__mixup_heavy_augment_2.csv')"
   ]
  },
  {
   "cell_type": "code",
   "execution_count": 6,
   "metadata": {},
   "outputs": [
    {
     "data": {
      "text/html": [
       "<div>\n",
       "<style scoped>\n",
       "    .dataframe tbody tr th:only-of-type {\n",
       "        vertical-align: middle;\n",
       "    }\n",
       "\n",
       "    .dataframe tbody tr th {\n",
       "        vertical-align: top;\n",
       "    }\n",
       "\n",
       "    .dataframe thead th {\n",
       "        text-align: right;\n",
       "    }\n",
       "</style>\n",
       "<table border=\"1\" class=\"dataframe\">\n",
       "  <thead>\n",
       "    <tr style=\"text-align: right;\">\n",
       "      <th></th>\n",
       "      <th>image_id</th>\n",
       "      <th>category</th>\n",
       "    </tr>\n",
       "  </thead>\n",
       "  <tbody>\n",
       "    <tr>\n",
       "      <th>0</th>\n",
       "      <td>18540</td>\n",
       "      <td>9</td>\n",
       "    </tr>\n",
       "    <tr>\n",
       "      <th>1</th>\n",
       "      <td>18541</td>\n",
       "      <td>40</td>\n",
       "    </tr>\n",
       "    <tr>\n",
       "      <th>2</th>\n",
       "      <td>18542</td>\n",
       "      <td>40</td>\n",
       "    </tr>\n",
       "    <tr>\n",
       "      <th>3</th>\n",
       "      <td>18543</td>\n",
       "      <td>72</td>\n",
       "    </tr>\n",
       "    <tr>\n",
       "      <th>4</th>\n",
       "      <td>18544</td>\n",
       "      <td>51</td>\n",
       "    </tr>\n",
       "  </tbody>\n",
       "</table>\n",
       "</div>"
      ],
      "text/plain": [
       "   image_id  category\n",
       "0     18540         9\n",
       "1     18541        40\n",
       "2     18542        40\n",
       "3     18543        72\n",
       "4     18544        51"
      ]
     },
     "execution_count": 6,
     "metadata": {},
     "output_type": "execute_result"
    }
   ],
   "source": [
    "d1.head()"
   ]
  },
  {
   "cell_type": "code",
   "execution_count": 8,
   "metadata": {},
   "outputs": [],
   "source": [
    "ensemble = pd.DataFrame({'image_id':d1.image_id,\n",
    "                         'd1':d1.category,\n",
    "                         'd2':d2.category,\n",
    "                         'd3':d3.category,\n",
    "                         'd4':d4.category,\n",
    "                         'd5':d5.category,\n",
    "                         'd6':d6.category,\n",
    "                         'd7':d7.category,\n",
    "                         'd8':d8.category,\n",
    "                         'd9':d9.category,\n",
    "                         'd10':d10.category\n",
    "                        })"
   ]
  },
  {
   "cell_type": "code",
   "execution_count": 16,
   "metadata": {},
   "outputs": [],
   "source": [
    "ensemble['category'] = 1"
   ]
  },
  {
   "cell_type": "code",
   "execution_count": 18,
   "metadata": {},
   "outputs": [],
   "source": [
    "ensemble['category'] = ensemble.mode(axis=1)"
   ]
  },
  {
   "cell_type": "code",
   "execution_count": 24,
   "metadata": {},
   "outputs": [
    {
     "data": {
      "text/plain": [
       "image_id    int64\n",
       "d1          int64\n",
       "d2          int64\n",
       "d3          int64\n",
       "d4          int64\n",
       "d5          int64\n",
       "d6          int64\n",
       "d7          int64\n",
       "d8          int64\n",
       "d9          int64\n",
       "d10         int64\n",
       "category    int64\n",
       "dtype: object"
      ]
     },
     "execution_count": 24,
     "metadata": {},
     "output_type": "execute_result"
    }
   ],
   "source": [
    "ensemble.dtypes"
   ]
  },
  {
   "cell_type": "code",
   "execution_count": 23,
   "metadata": {},
   "outputs": [],
   "source": [
    "ensemble['category'] = ensemble['category'].astype('int64')"
   ]
  },
  {
   "cell_type": "code",
   "execution_count": 26,
   "metadata": {},
   "outputs": [
    {
     "data": {
      "text/html": [
       "<div>\n",
       "<style scoped>\n",
       "    .dataframe tbody tr th:only-of-type {\n",
       "        vertical-align: middle;\n",
       "    }\n",
       "\n",
       "    .dataframe tbody tr th {\n",
       "        vertical-align: top;\n",
       "    }\n",
       "\n",
       "    .dataframe thead th {\n",
       "        text-align: right;\n",
       "    }\n",
       "</style>\n",
       "<table border=\"1\" class=\"dataframe\">\n",
       "  <thead>\n",
       "    <tr style=\"text-align: right;\">\n",
       "      <th></th>\n",
       "      <th>image_id</th>\n",
       "      <th>d1</th>\n",
       "      <th>d2</th>\n",
       "      <th>d3</th>\n",
       "      <th>d4</th>\n",
       "      <th>d5</th>\n",
       "      <th>d6</th>\n",
       "      <th>d7</th>\n",
       "      <th>d8</th>\n",
       "      <th>d9</th>\n",
       "      <th>d10</th>\n",
       "      <th>category</th>\n",
       "    </tr>\n",
       "  </thead>\n",
       "  <tbody>\n",
       "    <tr>\n",
       "      <th>image_id</th>\n",
       "      <td>1.000000</td>\n",
       "      <td>0.015216</td>\n",
       "      <td>0.012163</td>\n",
       "      <td>0.013357</td>\n",
       "      <td>0.013218</td>\n",
       "      <td>0.011247</td>\n",
       "      <td>0.015220</td>\n",
       "      <td>0.013319</td>\n",
       "      <td>0.004681</td>\n",
       "      <td>0.004681</td>\n",
       "      <td>0.007462</td>\n",
       "      <td>0.011695</td>\n",
       "    </tr>\n",
       "    <tr>\n",
       "      <th>d1</th>\n",
       "      <td>0.015216</td>\n",
       "      <td>1.000000</td>\n",
       "      <td>0.992717</td>\n",
       "      <td>0.961964</td>\n",
       "      <td>0.974985</td>\n",
       "      <td>0.972432</td>\n",
       "      <td>0.964823</td>\n",
       "      <td>0.968747</td>\n",
       "      <td>0.966021</td>\n",
       "      <td>0.966021</td>\n",
       "      <td>0.966784</td>\n",
       "      <td>0.978785</td>\n",
       "    </tr>\n",
       "    <tr>\n",
       "      <th>d2</th>\n",
       "      <td>0.012163</td>\n",
       "      <td>0.992717</td>\n",
       "      <td>1.000000</td>\n",
       "      <td>0.968585</td>\n",
       "      <td>0.975625</td>\n",
       "      <td>0.971477</td>\n",
       "      <td>0.964326</td>\n",
       "      <td>0.967041</td>\n",
       "      <td>0.964635</td>\n",
       "      <td>0.964635</td>\n",
       "      <td>0.971412</td>\n",
       "      <td>0.980087</td>\n",
       "    </tr>\n",
       "    <tr>\n",
       "      <th>d3</th>\n",
       "      <td>0.013357</td>\n",
       "      <td>0.961964</td>\n",
       "      <td>0.968585</td>\n",
       "      <td>1.000000</td>\n",
       "      <td>0.969213</td>\n",
       "      <td>0.970575</td>\n",
       "      <td>0.970052</td>\n",
       "      <td>0.966878</td>\n",
       "      <td>0.963402</td>\n",
       "      <td>0.963402</td>\n",
       "      <td>0.967740</td>\n",
       "      <td>0.979668</td>\n",
       "    </tr>\n",
       "    <tr>\n",
       "      <th>d4</th>\n",
       "      <td>0.013218</td>\n",
       "      <td>0.974985</td>\n",
       "      <td>0.975625</td>\n",
       "      <td>0.969213</td>\n",
       "      <td>1.000000</td>\n",
       "      <td>0.987947</td>\n",
       "      <td>0.977209</td>\n",
       "      <td>0.977926</td>\n",
       "      <td>0.971193</td>\n",
       "      <td>0.971193</td>\n",
       "      <td>0.969132</td>\n",
       "      <td>0.988894</td>\n",
       "    </tr>\n",
       "    <tr>\n",
       "      <th>d5</th>\n",
       "      <td>0.011247</td>\n",
       "      <td>0.972432</td>\n",
       "      <td>0.971477</td>\n",
       "      <td>0.970575</td>\n",
       "      <td>0.987947</td>\n",
       "      <td>1.000000</td>\n",
       "      <td>0.978765</td>\n",
       "      <td>0.984789</td>\n",
       "      <td>0.971338</td>\n",
       "      <td>0.971338</td>\n",
       "      <td>0.969808</td>\n",
       "      <td>0.989918</td>\n",
       "    </tr>\n",
       "    <tr>\n",
       "      <th>d6</th>\n",
       "      <td>0.015220</td>\n",
       "      <td>0.964823</td>\n",
       "      <td>0.964326</td>\n",
       "      <td>0.970052</td>\n",
       "      <td>0.977209</td>\n",
       "      <td>0.978765</td>\n",
       "      <td>1.000000</td>\n",
       "      <td>0.980390</td>\n",
       "      <td>0.969596</td>\n",
       "      <td>0.969596</td>\n",
       "      <td>0.962979</td>\n",
       "      <td>0.982237</td>\n",
       "    </tr>\n",
       "    <tr>\n",
       "      <th>d7</th>\n",
       "      <td>0.013319</td>\n",
       "      <td>0.968747</td>\n",
       "      <td>0.967041</td>\n",
       "      <td>0.966878</td>\n",
       "      <td>0.977926</td>\n",
       "      <td>0.984789</td>\n",
       "      <td>0.980390</td>\n",
       "      <td>1.000000</td>\n",
       "      <td>0.975063</td>\n",
       "      <td>0.975063</td>\n",
       "      <td>0.972123</td>\n",
       "      <td>0.983847</td>\n",
       "    </tr>\n",
       "    <tr>\n",
       "      <th>d8</th>\n",
       "      <td>0.004681</td>\n",
       "      <td>0.966021</td>\n",
       "      <td>0.964635</td>\n",
       "      <td>0.963402</td>\n",
       "      <td>0.971193</td>\n",
       "      <td>0.971338</td>\n",
       "      <td>0.969596</td>\n",
       "      <td>0.975063</td>\n",
       "      <td>1.000000</td>\n",
       "      <td>1.000000</td>\n",
       "      <td>0.961587</td>\n",
       "      <td>0.980982</td>\n",
       "    </tr>\n",
       "    <tr>\n",
       "      <th>d9</th>\n",
       "      <td>0.004681</td>\n",
       "      <td>0.966021</td>\n",
       "      <td>0.964635</td>\n",
       "      <td>0.963402</td>\n",
       "      <td>0.971193</td>\n",
       "      <td>0.971338</td>\n",
       "      <td>0.969596</td>\n",
       "      <td>0.975063</td>\n",
       "      <td>1.000000</td>\n",
       "      <td>1.000000</td>\n",
       "      <td>0.961587</td>\n",
       "      <td>0.980982</td>\n",
       "    </tr>\n",
       "    <tr>\n",
       "      <th>d10</th>\n",
       "      <td>0.007462</td>\n",
       "      <td>0.966784</td>\n",
       "      <td>0.971412</td>\n",
       "      <td>0.967740</td>\n",
       "      <td>0.969132</td>\n",
       "      <td>0.969808</td>\n",
       "      <td>0.962979</td>\n",
       "      <td>0.972123</td>\n",
       "      <td>0.961587</td>\n",
       "      <td>0.961587</td>\n",
       "      <td>1.000000</td>\n",
       "      <td>0.974636</td>\n",
       "    </tr>\n",
       "    <tr>\n",
       "      <th>category</th>\n",
       "      <td>0.011695</td>\n",
       "      <td>0.978785</td>\n",
       "      <td>0.980087</td>\n",
       "      <td>0.979668</td>\n",
       "      <td>0.988894</td>\n",
       "      <td>0.989918</td>\n",
       "      <td>0.982237</td>\n",
       "      <td>0.983847</td>\n",
       "      <td>0.980982</td>\n",
       "      <td>0.980982</td>\n",
       "      <td>0.974636</td>\n",
       "      <td>1.000000</td>\n",
       "    </tr>\n",
       "  </tbody>\n",
       "</table>\n",
       "</div>"
      ],
      "text/plain": [
       "          image_id        d1        d2        d3        d4        d5  \\\n",
       "image_id  1.000000  0.015216  0.012163  0.013357  0.013218  0.011247   \n",
       "d1        0.015216  1.000000  0.992717  0.961964  0.974985  0.972432   \n",
       "d2        0.012163  0.992717  1.000000  0.968585  0.975625  0.971477   \n",
       "d3        0.013357  0.961964  0.968585  1.000000  0.969213  0.970575   \n",
       "d4        0.013218  0.974985  0.975625  0.969213  1.000000  0.987947   \n",
       "d5        0.011247  0.972432  0.971477  0.970575  0.987947  1.000000   \n",
       "d6        0.015220  0.964823  0.964326  0.970052  0.977209  0.978765   \n",
       "d7        0.013319  0.968747  0.967041  0.966878  0.977926  0.984789   \n",
       "d8        0.004681  0.966021  0.964635  0.963402  0.971193  0.971338   \n",
       "d9        0.004681  0.966021  0.964635  0.963402  0.971193  0.971338   \n",
       "d10       0.007462  0.966784  0.971412  0.967740  0.969132  0.969808   \n",
       "category  0.011695  0.978785  0.980087  0.979668  0.988894  0.989918   \n",
       "\n",
       "                d6        d7        d8        d9       d10  category  \n",
       "image_id  0.015220  0.013319  0.004681  0.004681  0.007462  0.011695  \n",
       "d1        0.964823  0.968747  0.966021  0.966021  0.966784  0.978785  \n",
       "d2        0.964326  0.967041  0.964635  0.964635  0.971412  0.980087  \n",
       "d3        0.970052  0.966878  0.963402  0.963402  0.967740  0.979668  \n",
       "d4        0.977209  0.977926  0.971193  0.971193  0.969132  0.988894  \n",
       "d5        0.978765  0.984789  0.971338  0.971338  0.969808  0.989918  \n",
       "d6        1.000000  0.980390  0.969596  0.969596  0.962979  0.982237  \n",
       "d7        0.980390  1.000000  0.975063  0.975063  0.972123  0.983847  \n",
       "d8        0.969596  0.975063  1.000000  1.000000  0.961587  0.980982  \n",
       "d9        0.969596  0.975063  1.000000  1.000000  0.961587  0.980982  \n",
       "d10       0.962979  0.972123  0.961587  0.961587  1.000000  0.974636  \n",
       "category  0.982237  0.983847  0.980982  0.980982  0.974636  1.000000  "
      ]
     },
     "execution_count": 26,
     "metadata": {},
     "output_type": "execute_result"
    }
   ],
   "source": [
    "ensemble.corr()"
   ]
  },
  {
   "cell_type": "code",
   "execution_count": 27,
   "metadata": {},
   "outputs": [],
   "source": [
    "final_sub = ensemble[['image_id','category']]"
   ]
  },
  {
   "cell_type": "code",
   "execution_count": 28,
   "metadata": {},
   "outputs": [
    {
     "data": {
      "text/html": [
       "<div>\n",
       "<style scoped>\n",
       "    .dataframe tbody tr th:only-of-type {\n",
       "        vertical-align: middle;\n",
       "    }\n",
       "\n",
       "    .dataframe tbody tr th {\n",
       "        vertical-align: top;\n",
       "    }\n",
       "\n",
       "    .dataframe thead th {\n",
       "        text-align: right;\n",
       "    }\n",
       "</style>\n",
       "<table border=\"1\" class=\"dataframe\">\n",
       "  <thead>\n",
       "    <tr style=\"text-align: right;\">\n",
       "      <th></th>\n",
       "      <th>image_id</th>\n",
       "      <th>category</th>\n",
       "    </tr>\n",
       "  </thead>\n",
       "  <tbody>\n",
       "    <tr>\n",
       "      <th>0</th>\n",
       "      <td>18540</td>\n",
       "      <td>9</td>\n",
       "    </tr>\n",
       "    <tr>\n",
       "      <th>1</th>\n",
       "      <td>18541</td>\n",
       "      <td>40</td>\n",
       "    </tr>\n",
       "    <tr>\n",
       "      <th>2</th>\n",
       "      <td>18542</td>\n",
       "      <td>40</td>\n",
       "    </tr>\n",
       "    <tr>\n",
       "      <th>3</th>\n",
       "      <td>18543</td>\n",
       "      <td>72</td>\n",
       "    </tr>\n",
       "    <tr>\n",
       "      <th>4</th>\n",
       "      <td>18544</td>\n",
       "      <td>51</td>\n",
       "    </tr>\n",
       "  </tbody>\n",
       "</table>\n",
       "</div>"
      ],
      "text/plain": [
       "   image_id  category\n",
       "0     18540         9\n",
       "1     18541        40\n",
       "2     18542        40\n",
       "3     18543        72\n",
       "4     18544        51"
      ]
     },
     "execution_count": 28,
     "metadata": {},
     "output_type": "execute_result"
    }
   ],
   "source": [
    "final_sub.head()"
   ]
  },
  {
   "cell_type": "code",
   "execution_count": 29,
   "metadata": {},
   "outputs": [],
   "source": [
    "final_sub.to_csv('Ensemble.csv',index=False)"
   ]
  },
  {
   "cell_type": "code",
   "execution_count": null,
   "metadata": {},
   "outputs": [],
   "source": []
  }
 ],
 "metadata": {
  "kernelspec": {
   "display_name": "Python 3",
   "language": "python",
   "name": "python3"
  },
  "language_info": {
   "codemirror_mode": {
    "name": "ipython",
    "version": 3
   },
   "file_extension": ".py",
   "mimetype": "text/x-python",
   "name": "python",
   "nbconvert_exporter": "python",
   "pygments_lexer": "ipython3",
   "version": "3.7.3"
  }
 },
 "nbformat": 4,
 "nbformat_minor": 2
}
